10091295@N02-4	17	11	10	
10159442@N00-13	2	6	3	9	8	5	7	18	15	17	13	21	
10287726@N02-32	10	19	4	3	2	5	
10287726@N02-33	10	3	6	9	4	
10287726@N02-34	10	15	18	
10332960@N03-39	2	4	10	
10335112@N05-41	19	3	6	8	5	
10335112@N05-42	18	15	17	
10340081@N02-44	6	5	4	
10354154@N05-46	16	9	3	
10486919@N00-67	8	11	2	
105307156@N06-74	19	25	6	
10655856@N04-81	23	2	3	12	
10655856@N04-82	16	5	14	3	7	
11037560@N04-98	6	2	13	
11037560@N04-99	16	8	12	13	17	7	
11037560@N04-101	13	7	17	
11037560@N04-122	8	2	10	
11037560@N04-127	3	8	7	
11037560@N04-142	2	11	4	
11154928@N04-150	8	3	2	7	10	
11261325@N03-164	3	6	2	7	13	19	
11613952@N05-185	9	10	3	
11881702@N00-193	3	6	4	10	2	
11881702@N00-194	8	16	10	
12061846@N00-202	7	6	3	2	5	8	17	
120694055@N06-203	6	3	4	
12495774@N02-219	4	13	25	2	3	
12495774@N02-222	2	4	6	8	9	
12658277@N00-229	5	6	2	15	
12771303@N00-240	15	12	21	13	
12917962@N00-260	8	4	14	16	
12930951@N07-265	7	5	16	
12982579@N00-266	5	16	18	3	2	7	
13016459@N08-267	18	7	10	
13518023@N03-274	3	6	21	
13518023@N03-275	4	11	7	5	16	3	6	
13996991@N07-282	8	7	17	18	
13996991@N07-284	2	3	4	6	
14057878@N00-311	3	2	4	
14057878@N00-316	5	8	9	14	
14057878@N00-317	11	3	2	10	
14146962@N07-349	5	6	3	
14360576@N06-365	12	6	3	2	10	18	15	17	5	8	9	4	
14360576@N06-366	25	24	20	
14360576@N06-368	22	21	2	
14360576@N06-370	22	12	23	7	18	17	2	3	
14360576@N06-371	8	7	2	3	
14711846@N00-386	17	15	8	
14711846@N00-387	7	2	10	6	3	5	13	19	
14869313@N00-398	8	13	19	
14915235@N00-411	12	2	4	
15462727@N07-438	5	9	8	6	4	2	7	
15786211@N00-446	6	16	4	
16048448@N00-449	3	6	2	7	5	8	
16048448@N00-450	17	15	9	25	
16190595@N05-464	10	2	3	
16497759@N07-481	13	21	2	23	
17424601@N00-507	9	5	8	
17505188@N06-512	18	2	5	
17643132@N00-513	7	15	2	3	4	11	14	
17643132@N00-514	6	3	2	7	13	
18276635@N00-528	10	3	6	2	
18276635@N00-529	9	8	15	
18402635@N00-540	4	6	2	
18966576@N00-542	9	16	3	2	5	
19153501@N00-543	18	15	13	19	
19473027@N00-581	2	12	9	7	
19473027@N00-644	8	16	2	
19473027@N00-652	7	3	16	
19473027@N00-672	5	16	3	2	
19473027@N00-680	7	5	2	
19473027@N00-682	2	7	18	
19473027@N00-690	7	14	11	10	
19473027@N00-691	11	23	12	22	
19473027@N00-694	7	5	16	
19473027@N00-695	3	8	9	
19473027@N00-701	11	8	5	7	
19473027@N00-702	9	8	3	
19473027@N00-705	5	8	9	
19473027@N00-734	3	2	13	
19473027@N00-739	4	2	19	21	
19473027@N00-758	5	18	8	
19663529@N00-800	6	2	7	18	
19663529@N00-802	3	13	21	
19909714@N00-807	3	4	6	
19909714@N00-808	7	5	8	
20483509@N00-826	5	8	13	2	
20483509@N00-837	21	19	13	
20483509@N00-838	8	16	3	7	13	
20483509@N00-867	8	16	2	
20483509@N00-881	13	21	2	
20483509@N00-882	4	2	15	
20483509@N00-907	11	9	16	
20545573@N00-913	9	8	16	
20587560@N00-924	7	4	12	
20799701@N00-931	6	19	4	28	17	15	10	9	7	20	18	3	
21116747@N02-937	3	11	13	4	
21254955@N04-944	2	6	3	
21254955@N04-945	3	19	2	
21283177@N00-948	17	16	3	19	18	
21492331@N03-956	5	7	9	11	
21712240@N00-969	7	13	21	14	6	3	11	
21712240@N00-970	18	7	15	21	17	4	
21916524@N07-981	19	13	10	
22087304@N07-986	17	15	18	
22415346@N06-1017	17	15	3	2	
22583729@N06-1022	11	7	2	
22607526@N00-1027	3	4	2	10	
22607526@N00-1029	3	6	4	
22607526@N00-1030	9	8	5	
22890158@N08-1042	13	19	2	6	
23062920@N00-1045	23	9	5	8	
23062920@N00-1046	14	4	3	2	5	
23108377@N07-1051	15	26	10	13	5	8	
23351536@N07-1055	8	11	4	10	
23351536@N07-1074	14	11	5	
23351536@N07-1075	14	4	10	2	3	
23351536@N07-1077	4	3	10	11	2	
23351536@N07-1080	4	11	17	18	5	7	
23351536@N07-1083	14	5	18	15	17	16	
23351536@N07-1087	6	10	4	
23363966@N02-1094	9	16	3	
23363966@N02-1095	13	19	8	
23363966@N02-1097	3	13	19	5	
23480782@N05-1103	2	4	6	
23518714@N00-1107	21	7	5	8	3	2	6	
23539578@N06-1110	7	2	5	6	
23539578@N06-1111	2	6	7	8	
23837403@N03-1120	7	8	9	
23837403@N03-1121	6	19	15	18	
23837403@N03-1122	6	18	15	17	19	
23873159@N08-1128	10	4	3	7	
24183489@N00-1146	15	17	4	
24401095@N00-1158	3	6	9	8	2	
24401095@N00-1160	5	4	14	6	
24616128@N00-1173	7	8	3	6	2	
24645033@N00-1178	7	23	5	
24645033@N00-1179	15	17	7	
24645033@N00-1180	5	7	18	15	
24697990@N00-1181	2	3	13	21	
24803078@N00-1186	2	16	5	8	3	7	
24931020@N02-1193	16	3	6	10	7	15	18	17	13	
25034321@N05-1201	9	8	12	5	
25148740@N03-1203	6	3	2	19	13	17	15	
25302607@N00-1208	17	6	5	15	2	
25389244@N00-1216	6	19	13	3	2	7	
25396215@N00-1219	2	3	16	8	9	5	
25396215@N00-1220	5	7	10	11	14	
25561968@N00-1226	19	15	18	
25866217@N00-1262	9	2	21	
25866217@N00-1264	6	3	9	
25984556@N07-1270	8	16	5	2	10	3	6	12	
25984556@N07-1271	8	3	10	
26052518@N05-1273	2	3	8	
26226560@N02-1281	2	3	10	
26226560@N02-1282	4	2	10	8	
26265986@N00-1286	9	6	4	
26265986@N00-1287	16	26	6	9	20	
26276803@N05-1290	9	8	18	7	5	2	
26436271@N00-1294	5	8	9	
26680618@N02-1302	11	2	16	8	
26835091@N04-1308	11	14	10	8	
27017895@N02-1317	10	4	3	
27105072@N00-1320	3	4	11	
27195496@N00-1323	5	2	13	
27462949@N00-1338	20	13	23	
27462949@N00-1339	4	6	2	7	17	
27594569@N04-1345	11	10	3	2	
27681741@N06-1349	9	7	4	
27681741@N06-1351	2	18	15	17	
27718315@N02-1367	3	2	7	
27817416@N02-1392	2	7	9	
27817416@N02-1394	2	3	8	
27828336@N00-1423	9	16	3	
27948364@N00-1427	2	3	8	16	4	
27948364@N00-1428	4	6	8	
28103568@N00-1432	7	16	9	18	15	2	5	
28355390@N03-1452	15	18	8	16	3	2	
28370443@N08-1471	2	18	13	19	
28404646@N00-1473	4	11	7	15	
28404646@N00-1483	7	18	13	21	
28536568@N00-1487	7	2	3	6	
28536568@N00-1490	13	19	7	
28543475@N08-1495	4	10	11	
28543475@N08-1507	3	12	14	
28638538@N00-1508	5	2	6	3	
29057345@N04-1522	2	4	23	
29172291@N00-1526	3	6	4	2	19	13	15	17	5	
29365083@N06-1529	17	2	4	
29624180@N04-1533	6	3	2	5	
29624180@N04-1535	5	13	21	
29797746@N08-1536	7	2	3	5	16	6	15	19	13	18	17	8	
29812295@N07-1537	6	3	10	4	
29812295@N07-1538	18	15	2	4	
29978367@N00-1542	4	10	19	6	3	
30099537@N02-1555	3	6	5	
30129139@N04-1560	11	4	15	18	
30409117@N07-1567	4	11	7	
30420228@N05-1568	2	4	6	
30671962@N05-1575	2	10	20	
30713600@N00-1577	6	4	8	16	
30963564@N00-1607	19	16	17	
30985799@N00-1626	16	3	6	4	10	
30985799@N00-1627	13	21	5	
31191687@N06-1639	8	7	5	
31363435@N07-1651	2	9	3	10	7	4	
31363435@N07-1652	18	7	2	10	3	4	17	15	
31397036@N00-1656	10	3	6	
31450835@N05-1669	5	16	3	2	10	4	11	
31612046@N04-1680	13	2	6	10	
31803571@N02-1683	18	19	3	
32054787@N00-1692	10	2	13	
32054787@N00-1700	19	2	10	
32111003@N00-1703	3	5	8	16	
32263295@N00-1714	8	7	11	
32263295@N00-1717	14	8	5	11	
32329639@N00-1747	5	8	9	3	2	13	
32481757@N04-1761	18	10	2	3	6	13	19	
32693718@N07-1765	9	7	4	
32812410@N06-1774	6	3	2	7	4	8	9	
33278177@N00-1799	13	9	6	
33613749@N00-1811	6	2	3	8	
33925347@N05-1821	8	12	7	2	
34427470616@N01-1839	4	3	2	12	
34427470616@N01-1850	2	14	12	20	
34427470616@N01-1862	2	11	4	3	
34792843@N04-1874	9	6	8	
34792843@N04-1875	10	9	2	3	
34961066@N00-1876	13	3	2	
35034357529@N01-1884	2	16	8	
35703376@N00-1953	6	19	3	
36101699310@N01-1965	8	7	17	5	2	
36101699310@N01-1966	3	13	21	5	
36424619@N00-1970	25	13	18	4	
36539950@N00-1989	18	17	12	
36749913@N00-1996	12	9	8	
36749913@N00-2003	12	6	3	4	
36749913@N00-2007	18	15	17	
36967808@N00-2052	3	16	5	11	6	9	
37029314@N00-2054	13	19	2	3	6	12	9	8	16	
37029314@N00-2055	6	18	17	15	10	
37185577@N00-2060	3	6	9	2	
37493306@N00-2065	5	16	3	2	10	4	11	
37574483@N07-2072	9	7	4	
37804979@N00-2078	7	3	5	
37996646802@N01-2091	2	6	25	
37996646802@N01-2092	5	8	16	
38115734@N00-2093	6	13	21	
38115734@N00-2095	9	8	25	
38783516@N00-2108	4	2	5	
38943965@N05-2109	5	23	6	3	2	
39745335@N06-2137	9	3	2	18	
39927207@N00-2138	2	6	10	7	
40055757@N00-2144	5	7	13	
40139809@N00-2151	18	3	19	2	
40230716@N03-2175	2	5	6	
40725466@N03-2185	3	6	8	7	5	
41692261@N00-2209	2	3	6	
41894148532@N01-2217	4	3	8	16	
42027916@N00-2230	7	8	23	
42027916@N00-2231	3	6	9	
42027916@N00-2233	3	8	11	
42072165@N08-2237	2	6	3	
42348675@N00-2246	8	9	3	2	4	
42348675@N00-2249	8	2	26	10	
42348675@N00-2254	17	15	11	
42479008@N02-2261	19	13	15	18	17	
42509361@N05-2262	8	3	6	7	
42583704@N00-2266	7	13	19	21	25	4	10	
42583704@N00-2267	3	6	9	16	5	
42583704@N00-2268	6	8	5	7	
42629370@N00-2270	5	7	2	3	
42629370@N00-2271	3	6	4	
42629370@N00-2272	18	17	15	13	19	
42629370@N00-2273	4	3	2	
42907325@N00-2280	4	2	18	
43002463@N00-2286	7	5	4	
43126182@N00-2307	2	4	7	
43222683@N00-2312	13	2	3	9	
43405950@N07-2318	2	3	4	
43405950@N07-2319	12	9	16	3	4	5	
43405950@N07-2320	7	18	4	
43498286@N00-2333	3	6	2	11	
43498286@N00-2334	8	5	7	
43619118@N04-2335	6	8	5	
43619118@N04-2339	16	3	6	2	5	
44036847@N05-2348	5	2	3	16	
44124372821@N01-2370	8	2	18	
44124372821@N01-2371	6	2	4	
44124427374@N01-2379	8	9	23	3	2	13	
44124427374@N01-2380	19	13	2	8	
44232237@N03-2388	5	2	10	8	16	
44756385@N00-2401	2	3	13	4	5	
44756385@N00-2402	4	10	11	2	
44925192@N00-2404	8	5	16	2	
44925192@N00-2405	2	13	19	
45457437@N00-2421	5	2	15	
45972156@N04-2427	6	2	3	8	4	
45972156@N04-2428	13	15	25	21	5	9	
45972156@N04-2429	7	2	3	
46237053@N00-2436	3	7	17	
46952961@N00-2461	18	15	17	7	5	
46980778@N07-2463	5	3	6	
47495910@N05-2491	2	5	10	3	16	
47495910@N05-2492	6	3	2	
47495910@N05-2493	2	10	4	12	6	9	11	17	15	
47616704@N00-2495	2	9	8	16	5	3	
47616704@N00-2496	2	3	6	
47905916@N00-2498	18	17	3	2	10	19	6	
48122140@N00-2503	7	17	2	3	5	4	10	6	
48277923@N00-2508	3	6	2	4	
48321512@N06-2514	7	5	8	9	23	
48355243@N00-2515	8	16	2	
48355243@N00-2516	2	6	4	
48762356@N00-2528	3	2	5	
49503132817@N01-2572	11	3	2	
49998283@N00-2578	6	2	7	
50195515@N00-2583	8	3	6	16	2	15	5	
50234824@N07-2587	2	3	9	6	
50509003@N00-2600	2	6	9	5	
50509003@N00-2602	2	6	3	8	9	5	
50542255@N00-2605	5	8	12	
50551683@N00-2608	6	4	8	2	
50794252@N04-2617	6	8	3	
50802125@N00-2618	6	2	8	
50833784@N00-2625	5	9	6	4	3	18	13	21	19	7	
51035639266@N01-2633	7	8	12	6	
51035737977@N01-2639	13	2	3	
51272891@N00-2645	3	2	18	4	7	
51367743@N00-2647	8	2	10	13	19	17	15	
51367743@N00-2648	3	6	16	
51367743@N00-2651	15	5	6	19	16	
52015062@N00-2673	2	3	7	6	5	8	
52015062@N00-2674	13	19	2	7	
52439376@N00-2683	5	10	3	13	7	
52683275@N00-2684	6	4	2	
52706710@N03-2688	4	5	8	6	
53836246@N00-2718	19	13	17	5	
53836246@N00-2720	2	3	6	4	
53836246@N00-2721	2	16	7	15	17	
53836246@N00-2722	19	13	15	17	
53921762@N00-2723	2	9	8	
53921762@N00-2727	5	7	3	
54022106@N00-2749	13	11	21	
54022106@N00-2752	4	5	3	
54022106@N00-2757	10	4	7	
54069048@N07-2769	3	5	7	
54458860@N00-2791	2	13	19	
54549576@N00-2794	18	6	9	19	17	13	
54549576@N00-2795	21	4	13	
55826454@N00-2820	8	11	5	12	6	3	18	7	2	17	
56617401@N00-2840	7	6	5	
56617401@N00-2845	2	5	3	16	8	7	
57192952@N00-2850	5	16	3	6	
57258627@N00-2853	7	2	10	5	16	
58034287@N00-2879	7	5	2	3	16	8	
58433801@N07-2891	8	13	7	
58554451@N00-2893	3	2	13	19	
58598613@N00-2896	2	13	19	
58695432@N00-2907	17	15	7	
59271446@N00-2924	23	3	8	
59446027@N00-2942	10	3	6	2	15	
60006733@N05-2947	9	6	2	
60006733@N05-2949	18	17	15	7	
60006733@N05-2950	18	15	17	5	16	
60006733@N05-2953	4	5	11	
60107315@N00-2962	13	2	4	
60107315@N00-2963	2	8	9	
60206297@N00-2967	3	2	11	
60206297@N00-2968	3	22	6	
60206297@N00-2969	25	10	2	
60444977@N00-2972	2	3	5	
60611127@N00-2978	3	6	4	8	16	7	
60611127@N00-2979	13	19	2	3	5	8	
60611127@N00-2980	6	3	5	2	
60611127@N00-2981	15	3	6	2	10	5	
60611127@N00-2983	4	17	15	6	2	
61369090@N07-2998	2	10	7	
61635869@N00-3025	7	5	16	3	6	2	
61663261@N00-3032	15	17	7	16	
61897811@N00-3038	14	5	2	3	13	19	
62136333@N02-3046	6	5	17	3	9	
62136333@N02-3047	5	17	13	3	6	
62136333@N02-3049	5	6	3	
62136333@N02-3056	17	19	13	6	5	
62136333@N02-3057	9	3	13	5	4	17	
62308216@N00-3059	6	3	2	
62579590@N00-3064	6	4	21	
62744044@N00-3070	7	5	2	3	
63079834@N00-3076	6	3	9	
63238112@N02-3080	9	8	12	7	
63238112@N02-3085	3	10	2	
63458311@N00-3096	2	3	6	
63679518@N00-3099	6	9	7	
64119933@N00-3113	15	17	8	13	9	
64332066@N00-3115	6	3	4	2	10	15	19	7	
64876844@N00-3122	15	2	3	10	
65326158@N00-3135	6	3	2	19	
65393953@N03-3136	2	4	10	16	
65958138@N00-3138	6	3	2	8	
66227636@N04-3140	2	3	5	
66434265@N00-3145	17	15	13	3	10	6	
66434265@N00-3146	21	25	10	12	
66434265@N00-3147	4	10	2	
66913692@N00-3154	14	5	6	
66913692@N00-3155	2	3	5	18	
67008765@N00-3180	2	10	3	
67008765@N00-3181	19	21	13	
67008765@N00-3183	6	3	2	7	5	8	16	
67433276@N05-3199	4	3	16	
67975030@N00-3214	6	3	2	7	18	17	15	5	16	8	9	13	21	
68121184@N00-3216	2	3	16	
68493542@N00-3225	5	8	2	7	24	
68838281@N00-3233	5	16	3	
69349066@N00-3245	3	9	8	
70384696@N00-3257	3	6	4	
70938076@N00-3282	4	14	5	
70938076@N00-3284	19	13	18	
70938076@N00-3285	15	17	18	
71057941@N00-3288	5	8	10	
71088526@N00-3301	9	19	25	5	7	16	8	2	
71088526@N00-3302	3	6	5	
71088526@N00-3303	4	3	16	8	
71401076@N00-3308	22	12	9	16	6	
71445279@N00-3323	9	8	16	3	2	4	11	14	
7150832@N06-3324	15	17	19	
71668585@N00-3329	6	3	2	
71668585@N00-3332	16	8	9	
71668585@N00-3335	20	23	7	
71668585@N00-3340	21	7	5	
71812696@N00-3344	14	5	7	
71909564@N00-3364	3	15	17	
72429059@N00-3371	3	2	13	
72429059@N00-3372	2	10	4	8	
73014677@N05-3381	4	6	13	8	
7310714@N06-3388	10	2	3	13	
7310714@N06-3389	2	11	5	
73124528@N00-3394	6	13	19	
73173768@N00-3399	3	6	22	16	8	
73422480@N00-3411	4	14	9	
73478860@N00-3413	2	11	3	7	
7354829@N03-3414	6	3	2	
7354829@N03-3416	23	9	6	16	3	2	10	7	18	
7359973@N08-3417	8	2	4	11	3	9	
73788492@N00-3423	6	3	2	13	19	25	
73788492@N00-3424	7	15	17	5	23	9	8	
73788492@N00-3425	7	2	10	3	13	19	5	8	
74691311@N00-3466	16	6	18	17	
7512717@N06-3505	2	3	8	9	
7512717@N06-3530	2	16	9	
7512717@N06-3565	10	2	6	
7512717@N06-3572	14	11	4	
7512717@N06-3586	10	2	16	8	
7512717@N06-3597	2	8	16	
7512717@N06-3601	2	3	11	
7512717@N06-3604	14	11	4	
7512717@N06-3609	10	2	5	
7512717@N06-3611	2	3	8	12	
7512717@N06-3616	5	8	23	
7512717@N06-3623	10	2	3	
7512717@N06-3625	11	4	10	22	
7512717@N06-3638	2	16	8	
7512717@N06-3644	10	2	8	
7512717@N06-3650	16	4	13	8	
7512717@N06-3651	3	5	8	9	12	
7512717@N06-3654	10	2	3	6	12	
7512717@N06-3656	11	5	8	
7512717@N06-3657	3	5	8	16	
7512717@N06-3665	5	7	8	16	
7512717@N06-3667	8	16	2	11	
7512717@N06-3677	2	8	9	22	
7512717@N06-3681	2	8	23	
7512717@N06-3684	11	2	23	
7512717@N06-3693	10	2	3	6	12	22	
7512717@N06-3696	10	2	3	4	
7512717@N06-3699	7	5	8	
7512717@N06-3700	2	12	22	
7512717@N06-3701	5	7	9	
7512717@N06-3707	10	2	3	16	
7512717@N06-3709	8	16	5	
7512717@N06-3711	18	17	15	8	5	23	
7512717@N06-3719	2	12	6	
75136617@N00-3734	2	8	9	
75181076@N00-3748	5	3	16	7	18	15	13	
75286866@N00-3758	5	15	10	6	4	
75951171@N02-3776	9	11	3	
7633518@N08-3789	6	3	2	
7666975@N03-3796	3	6	4	
77036619@N00-3807	5	2	3	16	6	10	13	19	4	7	
77036619@N00-3810	7	10	2	5	3	
77036619@N00-3811	2	10	3	4	8	5	7	
77047514@N00-3814	2	7	22	
77047514@N00-3825	7	18	14	4	8	22	9	
77047514@N00-3839	4	12	3	10	
77047514@N00-3840	12	4	14	
77047514@N00-3842	21	5	8	18	13	4	
77047514@N00-3862	4	8	16	2	
77321230@N00-3882	2	3	6	12	
77351046@N00-3889	5	2	16	15	
77456049@N00-3895	19	21	2	3	16	8	5	7	
77704116@N00-3896	7	5	8	9	3	
7790703@N02-3920	6	2	13	19	
7790703@N02-3928	8	2	3	
7790703@N02-3930	12	4	7	
7790703@N02-3948	3	8	5	
78361112@N00-3966	19	3	2	
78461351@N00-3968	2	3	7	5	9	
7880512@N06-3985	10	21	25	
7888746@N08-3991	5	8	9	10	
79295762@N00-4010	3	2	7	
7929654@N05-4011	4	13	25	18	17	15	
7929654@N05-4012	2	13	19	5	9	
79335735@N06-4020	5	16	8	
7958312@N08-4031	5	8	3	6	2	
80021819@N00-4043	16	13	19	10	2	6	
80021819@N00-4044	17	15	18	
80052783@N00-4046	7	2	3	6	13	19	18	
80246494@N00-4051	6	3	19	13	18	
8043663@N04-4053	6	15	8	9	
8057454@N06-4065	2	4	3	
8057454@N06-4066	18	15	7	13	19	
80649505@N08-4071	6	21	25	
8095506@N07-4080	12	6	3	2	5	8	9	
80997939@N00-4083	6	10	2	
8110030@N05-4087	3	2	7	18	15	17	25	19	16	8	
81311832@N00-4095	7	3	6	
81397230@N00-4108	2	3	4	8	
81719291@N00-4117	17	18	15	
81795065@N00-4120	18	17	15	
8286908@N02-4155	5	7	6	
8308954@N06-4157	6	2	12	
8326485@N06-4160	18	4	3	6	2	13	
8328114@N02-4161	6	16	5	3	
8328114@N02-4162	3	5	16	
83308875@N00-4164	5	16	7	8	3	
83308875@N00-4165	17	15	18	7	2	10	4	
8349002@N04-4168	9	8	5	6	3	13	19	7	
83511002@N00-4169	25	18	15	8	
8389569@N08-4173	2	10	3	5	17	
8389569@N08-4174	11	2	6	16	5	8	3	7	17	19	13	15	18	
8389569@N08-4175	17	15	13	19	3	6	16	5	9	
8389569@N08-4176	17	7	2	
84035351@N00-4180	3	6	9	2	
84035351@N00-4181	10	2	17	
84276425@N00-4196	9	3	2	13	17	4	
84276425@N00-4197	3	2	10	4	11	8	23	9	
84533614@N00-4210	17	18	14	
84533614@N00-4212	3	11	4	
84533614@N00-4213	25	2	8	5	7	
84989911@N00-4219	6	3	2	13	18	7	19	10	9	
84989911@N00-4220	10	11	3	6	16	4	13	
8503026@N04-4221	2	3	6	8	
8520591@N03-4227	11	23	7	3	2	
85217508@N00-4229	8	7	2	3	6	
85217508@N00-4232	7	18	15	
85318305@N00-4235	3	6	2	10	7	16	4	14	
85318305@N00-4236	12	2	11	14	4	7	10	
85603833@N00-4239	11	18	17	
8590701@N06-4242	3	6	2	5	13	7	
86401769@N00-4277	6	3	19	8	
86533211@N00-4287	9	10	21	13	7	
86752930@N00-4292	8	5	2	
86765090@N00-4293	21	13	15	18	
8684258@N02-4295	6	3	4	2	18	15	
8701764@N02-4297	8	6	3	2	
87658636@N00-4316	14	2	3	
87658636@N00-4318	3	4	2	
88185060@N00-4335	2	6	22	
88185060@N00-4346	8	2	12	
88185060@N00-4352	2	18	8	
88185060@N00-4353	2	7	8	
88185060@N00-4355	9	10	8	4	
88185060@N00-4356	4	7	9	
88185060@N00-4357	13	21	2	9	
88185060@N00-4358	21	13	15	18	8	
88185060@N00-4362	8	3	2	
88185060@N00-4369	4	2	6	15	
89187910@N00-4421	15	4	2	17	
8970099@N04-4455	2	10	4	
8970099@N04-4456	3	2	10	4	
8970099@N04-4457	2	25	13	15	18	17	
8997662@N06-4468	7	18	15	17	3	16	8	
8997662@N06-4469	3	6	7	
8997662@N06-4470	13	21	19	7	9	8	5	
8997662@N06-4471	9	4	13	21	7	5	3	16	
90001203@N00-4473	3	2	6	
90001203@N00-4474	12	3	10	2	
90113037@N00-4475	4	10	8	
9047223@N07-4490	28	9	3	
90514086@N00-4491	8	23	16	3	2	6	
90585585@N00-4493	21	6	5	
90585585@N00-4496	7	2	11	
91357983@N05-4557	5	15	12	
9156485@N02-4568	5	8	16	3	2	
9159505@N02-4574	3	6	2	
9159505@N02-4575	13	19	21	18	7	17	15	5	
92134758@N00-4591	8	5	7	
92237387@N00-4592	7	5	2	9	8	
92237387@N00-4593	21	25	19	
92742787@N04-4702	4	2	3	17	
9351020@N06-4718	6	2	8	
9351020@N06-4719	2	3	7	
9351020@N06-4721	6	3	7	
93511097@N00-4722	3	10	2	
9352211@N06-4727	9	3	5	12	6	2	
9352211@N06-4728	8	2	3	
94735786@N00-4744	6	8	5	3	7	
94735786@N00-4745	5	6	12	3	4	11	10	13	19	7	
94735786@N00-4746	7	5	6	8	
94735786@N00-4748	8	7	23	5	26	6	3	4	19	17	2	10	
94869158@N00-4750	8	5	3	
9588476@N02-4799	9	8	5	
9588476@N02-4804	12	6	3	2	13	
9588476@N02-4805	9	26	23	
95974557@N08-4812	7	5	16	
96241281@N00-4817	15	2	10	
96241281@N00-4818	5	15	6	3	4	
96423179@N00-4823	8	7	3	
96721948@N00-4858	17	15	13	2	3	6	10	
97206958@N00-4894	18	7	6	
97534175@N00-4922	6	3	2	4	
97534175@N00-4923	3	4	2	10	
97595808@N00-4937	13	15	21	17	
97595808@N00-4941	10	4	14	11	
97768382@N00-4951	5	2	3	6	18	19	13	
9788232@N03-4952	6	7	5	
9813542@N08-4955	7	5	16	8	6	2	
9878315@N04-4969	2	21	20	
98833136@N00-4989	2	15	17	
99185699@N00-5001	3	5	16	
99646216@N00-5016	13	19	21	
99646216@N00-5017	8	5	13	
99962592@N00-5027	5	8	6	
