10195518@N02-14	9	66	57	23	63	64	
10559879@N00-63	20	35	19	
10559879@N00-64	20	22	3	4	
10559879@N00-78	44	17	8	
10681948@N00-129	41	20	47	
10896675@N00-143	17	51	64	2	9	7	
10936890@N00-145	6	7	21	24	55	18	20	10	
10966462@N02-147	17	8	29	10	
110608682@N04-150	2	53	9	32	
11674539@N06-166	3	26	9	
12238277@N04-191	63	71	41	16	2	
12284993@N00-198	7	3	12	20	
12284993@N00-200	22	4	21	
12284993@N00-202	22	36	7	6	2	
12505664@N00-206	2	9	37	
12900555@N02-212	29	30	26	
13233236@N04-224	21	34	20	
13233236@N04-225	35	34	28	41	3	
13233236@N04-228	2	11	4	
13233236@N04-232	2	6	14	
13237839@N00-241	75	59	60	
13237839@N00-245	40	11	16	2	4	41	31	
13956722@N06-290	22	6	66	
14021337@N00-291	7	2	66	10	17	8	3	
14136614@N03-311	21	7	3	4	
14136614@N03-313	3	8	30	
14197203@N05-325	4	28	31	
14197203@N05-328	26	13	78	
14197203@N05-337	22	20	37	
14197203@N05-339	2	24	3	
14197203@N05-342	17	3	5	6	9	2	
14197203@N05-345	7	24	5	
14481533@N00-368	26	7	6	2	21	4	10	17	3	
15213592@N03-385	32	21	6	2	
16767930@N05-392	69	25	6	66	33	59	75	13	9	26	
16867627@N06-394	58	54	55	18	46	20	39	22	
16867627@N06-395	14	50	52	29	30	2	13	55	47	83	59	21	11	
17211040@N00-413	6	2	15	
17211040@N00-414	2	8	10	
18935424@N00-438	21	6	37	13	9	26	34	
19289077@N00-440	36	51	17	10	24	35	21	6	9	
19447876@N00-443	21	7	2	
19447876@N00-445	9	75	60	16	
21160385@N02-560	16	11	14	
21225669@N00-562	5	4	63	
21929094@N02-582	2	18	17	
22131083@N08-587	65	71	23	
22670857@N03-607	36	17	4	
22670857@N03-611	6	7	2	
22670857@N03-614	2	53	13	
22670857@N03-665	5	27	42	
22852813@N04-676	55	18	11	52	32	
22853276@N05-680	60	9	2	27	
22853276@N05-681	39	5	63	
22853276@N05-685	27	2	6	16	19	11	32	14	
22853276@N05-686	2	53	9	
23806189@N00-720	10	36	24	7	
23806189@N00-721	16	57	41	24	31	21	
23809369@N08-723	2	7	21	35	34	5	13	9	
23809369@N08-724	4	29	18	20	22	46	
23809369@N08-725	33	35	28	41	
23875378@N06-727	26	16	2	6	37	
24122821@N05-749	2	46	17	
24413182@N00-763	32	11	16	9	7	5	3	
24413182@N00-765	15	9	26	16	
24413182@N00-766	3	5	24	7	2	9	6	39	
24453935@N00-771	2	26	66	9	
24510946@N07-778	5	3	2	
24510946@N07-779	16	26	37	
24761036@N00-785	8	3	41	17	
24761036@N00-798	35	21	34	
24998164@N06-817	2	6	7	9	26	16	
24998164@N06-819	9	6	16	26	37	11	21	
24998164@N06-820	6	2	31	28	41	3	34	35	21	
25287507@N02-835	3	21	7	5	
25287507@N02-836	20	56	51	
25287507@N02-837	36	10	7	19	5	
25287507@N02-841	41	3	31	34	
25369515@N00-856	5	13	9	
25869855@N04-895	2	60	66	
25963075@N04-901	13	37	20	
25976134@N04-902	41	35	7	5	
26071009@N04-912	5	16	2	27	7	37	
26085795@N02-916	30	22	20	5	31	35	19	52	54	10	36	
26670541@N07-931	8	28	31	4	10	44	
27759575@N05-959	58	54	30	
27759575@N05-961	53	75	60	33	8	
27759575@N05-966	19	24	4	10	
28067218@N00-1017	9	6	7	35	22	
28067218@N00-1023	17	8	3	
28135215@N00-1042	17	10	8	15	
28461660@N00-1062	6	9	34	26	11	
28461660@N00-1063	49	41	29	18	6	
28527865@N05-1066	40	63	5	7	2	
28685313@N00-1075	14	73	6	31	76	11	
28964800@N03-1087	5	24	28	19	
29174998@N05-1101	3	5	4	
29465723@N00-1117	34	9	39	
29728054@N00-1119	13	2	7	4	
29954226@N00-1134	15	21	17	2	
30206889@N00-1149	7	55	18	32	68	42	57	27	2	13	26	9	
30206889@N00-1150	9	27	2	7	
30265340@N00-1170	10	17	4	8	
30265340@N00-1172	13	37	26	9	24	5	3	41	
30265340@N00-1176	8	3	20	
30265340@N00-1191	7	34	31	37	26	10	17	8	
30342939@N00-1203	52	4	3	5	31	35	34	21	6	7	2	9	26	16	19	14	50	45	32	11	
30628871@N00-1208	6	2	7	21	
30628871@N00-1217	52	2	34	7	
31043650@N04-1230	4	35	23	
31058815@N00-1231	7	27	42	
31124964@N00-1233	32	5	55	51	
31148157@N00-1240	21	19	31	
31148157@N00-1241	4	17	51	49	
31148157@N00-1245	28	2	31	19	
31148157@N00-1249	26	13	2	
31404528@N02-1265	40	2	4	6	
32165728@N00-1277	84	64	55	67	
32394656@N00-1284	35	2	51	
32446767@N03-1286	6	26	16	
33062815@N00-1315	32	6	5	34	
33195950@N00-1318	30	29	44	10	17	5	24	2	9	26	37	75	
33200530@N04-1320	2	5	28	9	26	35	3	
34948727@N00-1386	36	2	9	26	13	
34948727@N00-1397	3	4	21	7	27	
35468141938@N01-1477	2	31	41	13	25	
36330826404@N01-1521	2	7	6	21	31	4	34	24	46	
36330826404@N01-1522	4	3	22	42	27	9	32	
36424619@N00-1562	7	81	60	17	
36521966482@N01-1563	32	2	6	
36521966482@N01-1565	15	9	16	
36656940@N00-1583	28	5	4	
36656940@N00-1593	44	10	5	4	
37086457@N00-1677	7	2	22	
37103729@N02-1679	41	4	5	7	24	
37468950@N08-1685	5	34	35	31	19	46	39	63	23	14	50	32	11	2	
37468950@N08-1686	10	17	8	3	33	53	9	
37912374670@N01-1703	20	24	7	
38331851@N00-1724	3	17	40	
39297387@N00-1769	2	4	16	11	
39916636@N00-1786	5	24	7	
40082311@N00-1820	5	20	31	
40082311@N00-1823	19	5	20	
40082311@N00-1826	5	39	20	
40082311@N00-1827	20	39	22	5	19	
40575018@N07-1854	24	7	34	
40742367@N04-1894	45	19	6	3	10	55	33	16	
40742367@N04-1895	29	60	32	
41312242@N00-1906	9	26	37	11	
41725486@N08-1914	63	2	21	9	
41894169655@N01-1918	17	16	10	
41894175689@N01-1921	5	17	4	7	
41894175689@N01-1923	13	3	56	7	
41894181187@N01-1925	2	6	16	
42583704@N00-1935	70	16	7	6	19	31	41	3	4	2	9	26	11	24	32	
42583704@N00-1936	17	10	4	29	
42583704@N00-1938	46	65	55	18	47	49	17	5	24	7	2	9	11	16	26	37	13	78	
42583704@N00-1940	22	20	66	59	33	2	5	
42656687@N00-1941	4	52	3	
43408458@N08-1956	4	39	24	
43929620@N05-1982	63	39	65	
43929620@N05-1984	2	20	5	16	
43929620@N05-1990	10	3	41	4	
43929620@N05-2005	4	17	2	
44124401641@N01-2030	41	7	15	
44124450371@N01-2032	4	20	46	2	9	8	17	36	51	
44124479801@N01-2040	14	9	5	
44124479801@N01-2042	15	16	6	2	
44204242@N04-2059	3	7	2	
44259454@N00-2063	13	66	26	
44669264@N06-2066	14	6	42	
44690184@N07-2071	26	6	8	21	9	
44690184@N07-2075	10	26	21	
44925192@N00-2078	9	68	15	
44925192@N00-2079	16	34	7	5	31	28	3	24	2	13	11	
45676902@N00-2099	9	26	81	
45676902@N00-2101	27	32	58	29	
45904697@N05-2109	41	14	4	
45904697@N05-2111	2	5	15	
46421193@N07-2126	2	9	75	
46778425@N00-2144	26	72	2	5	
47334482@N00-2177	6	2	7	29	4	16	65	
47980775@N02-2185	30	64	27	
47988174@N04-2220	3	6	11	14	
48213112@N00-2223	17	3	20	
48264126@N00-2225	15	6	9	
48453097@N00-2240	29	21	6	8	
48453097@N00-2241	8	15	33	
48453097@N00-2242	2	9	35	
48453097@N00-2243	9	53	27	
48453097@N00-2254	22	20	2	
48453097@N00-2255	17	3	22	
48583839@N07-2268	41	3	5	6	7	2	21	83	
48737213@N00-2282	68	13	26	
48889122860@N01-2289	2	7	6	35	21	34	52	
49456569@N06-2301	6	3	24	7	
49456569@N06-2302	3	24	7	
49462309@N04-2323	33	9	27	
49503156729@N01-2338	56	51	8	
49503207397@N01-2340	20	2	5	3	
49503207397@N01-2341	18	50	45	
49787588@N00-2345	17	10	3	5	24	7	2	6	
49975776@N07-2352	16	7	5	22	8	3	2	65	27	59	6	
49992082@N08-2354	5	3	8	17	
50556076@N00-2379	24	7	2	
51035603197@N01-2408	26	7	6	
51928417@N00-2430	13	66	9	4	
51986774@N00-2455	52	5	24	
52618473@N02-2469	14	6	21	
52618473@N02-2495	17	9	16	
52952793@N00-2505	2	9	26	16	21	
52952793@N00-2515	14	45	50	40	11	
52952793@N00-2517	9	26	16	68	78	33	53	27	
52952793@N00-2519	2	3	4	41	28	31	
52952793@N00-2526	50	24	39	22	20	
52952793@N00-2527	2	9	6	16	11	
53701455@N00-2556	18	22	53	
53836246@N00-2561	6	4	5	7	41	3	20	22	
53840569@N07-2566	30	10	8	
53840569@N07-2567	37	13	9	
54086610@N00-2572	6	76	74	11	
54086610@N00-2575	2	16	9	27	7	
54352459@N03-2598	9	2	3	
54352459@N03-2608	54	30	5	
55579714@N00-2646	4	2	8	10	
56140378@N07-2671	10	51	8	
56140378@N07-2672	39	7	22	17	
56384399@N00-2673	56	6	2	27	81	79	
56935359@N00-2678	19	47	15	
56935359@N00-2680	44	6	28	
57608438@N08-2690	5	6	37	9	
57608438@N08-2691	11	32	7	26	27	
57768536@N05-2700	19	34	2	3	39	20	22	
57841116@N03-2733	21	5	2	
57841116@N03-2735	64	42	57	
57841116@N03-2747	46	52	58	
57841116@N03-2771	24	9	34	
57841116@N03-2789	21	19	14	
57841116@N03-2808	20	39	46	
57990672@N04-2818	26	7	27	2	9	
58085609@N00-2824	7	9	66	
58085609@N00-2826	29	16	33	60	
58196392@N00-2839	6	10	17	
58301516@N00-2846	12	24	5	20	3	
58554451@N00-2850	2	27	79	
58589111@N04-2852	17	27	53	
58673657@N07-2857	41	3	28	
59551944@N00-2893	23	27	6	
60111909@N00-2903	29	10	17	2	9	26	16	58	
60111909@N00-2904	61	45	26	9	2	7	58	
60422641@N04-2905	39	63	17	
60444977@N00-2907	3	34	35	17	51	5	2	27	37	26	
60444977@N00-2908	16	6	10	50	2	7	24	34	3	
60444977@N00-2909	2	7	6	
60451415@N00-2912	20	2	27	23	
61579728@N05-2956	70	68	13	14	5	
62744044@N00-3002	5	10	15	
62744044@N00-3004	3	6	4	2	
62948807@N00-3007	6	4	35	
63022030@N00-3017	55	6	47	22	
63238390@N00-3034	2	11	6	
63287673@N00-3042	9	37	63	
63287673@N00-3047	6	2	24	
63287673@N00-3062	37	13	2	
63357531@N00-3072	56	7	2	34	24	6	
63357531@N00-3084	3	5	2	
63357531@N00-3091	8	3	28	7	
63357531@N00-3092	2	7	24	
63357531@N00-3094	3	4	28	
64015960@N00-3127	7	24	39	20	18	33	
64015960@N00-3128	30	5	4	
64015960@N00-3134	4	19	27	
65638600@N05-3187	22	18	61	
65779544@N00-3201	41	4	3	
66172503@N00-3248	9	37	13	6	7	2	24	5	4	36	17	29	20	
66647015@N06-3271	9	78	65	5	
66883888@N00-3274	8	29	33	
67774014@N00-3338	5	24	35	
68183366@N05-3354	49	10	36	
68529605@N00-3368	16	11	6	2	5	
68529605@N00-3370	35	31	14	
68892129@N00-3387	7	2	13	33	80	
68892129@N00-3391	13	9	7	
69041444@N00-3395	26	37	2	
69539023@N00-3398	28	7	2	41	50	34	
69931111@N00-3408	58	54	3	4	
70995385@N00-3417	16	6	2	
71088526@N00-3467	5	6	2	27	23	82	17	
71088526@N00-3468	22	24	7	21	34	4	33	
71088526@N00-3470	9	26	16	11	40	65	
72327345@N00-3477	39	24	7	
72562013@N06-3478	9	7	16	
72744226@N00-3505	11	32	9	2	
72744226@N00-3506	4	3	41	
73014677@N05-3513	2	7	56	
7414413@N05-3534	41	6	75	
74693095@N00-3568	4	3	38	
75286866@N00-3600	13	47	12	
75546495@N03-3607	3	31	34	
75546495@N03-3609	66	53	9	2	7	6	3	51	
75873727@N00-3626	2	9	16	4	7	
76225887@N00-3659	2	6	9	16	
76395609@N00-3665	2	22	20	
7640968@N02-3668	35	3	39	20	6	
7666975@N03-3671	2	55	18	10	17	30	
76726772@N00-3729	9	6	53	42	37	26	
76726772@N00-3735	42	64	57	
76726772@N00-3736	10	27	11	6	2	
77152181@N06-3745	20	12	18	22	
77152181@N06-3747	3	8	17	
77152181@N06-3748	66	78	33	13	9	6	
77152181@N06-3750	13	6	2	
77152181@N06-3751	37	13	8	
77152181@N06-3752	3	8	9	
77152181@N06-3757	2	6	7	24	5	
77152181@N06-3758	4	13	41	28	5	
77152181@N06-3761	19	35	34	5	9	2	26	13	7	21	
77152181@N06-3762	19	7	2	9	6	
77235006@N00-3767	7	5	20	22	46	
77235006@N00-3771	14	40	26	
77235006@N00-3772	10	3	5	24	21	35	
77235006@N00-3774	57	42	64	
77235006@N00-3775	3	5	26	66	
77967821@N00-3811	5	7	6	17	
78518246@N00-3844	13	11	44	
78518246@N00-3846	24	37	36	
78681550@N00-3868	6	7	2	
78681550@N00-3869	13	14	32	11	51	
7878308@N04-3878	47	2	18	
79235216@N00-3888	48	5	24	7	
79235216@N00-3890	32	52	54	8	17	56	3	41	31	4	
79235216@N00-3891	20	39	27	46	
79925938@N00-3963	28	11	36	
79925938@N00-3977	36	11	28	
80021819@N00-4049	30	41	4	
80373436@N00-4053	2	27	9	
8107002@N03-4069	41	6	2	8	47	
81697278@N02-4085	10	21	7	
82155102@N07-4105	6	35	34	
82256568@N03-4106	16	21	6	2	5	24	7	
82256568@N03-4107	9	26	16	
82256568@N03-4108	7	9	26	
82397118@N00-4113	6	5	2	
8249050@N02-4121	45	51	20	
82698298@N00-4123	5	7	3	
82698298@N00-4124	2	78	33	9	
82698298@N00-4126	31	5	6	7	24	
8281413@N06-4127	2	16	7	
82955378@N05-4129	17	4	30	58	46	5	7	
83029300@N00-4130	27	6	16	26	
8329215@N04-4133	17	16	6	31	
8329215@N04-4134	16	37	26	11	13	9	6	2	7	
83332749@N00-4141	11	46	2	9	37	13	19	
8429346@N03-4160	2	35	24	6	
84385698@N00-4171	2	8	47	19	9	
8473570@N02-4182	38	4	7	
8473570@N02-4183	80	33	34	4	
8473570@N02-4185	13	4	2	46	40	
8485766@N07-4198	9	26	66	33	
84987970@N00-4199	67	63	39	20	15	
84987970@N00-4202	4	14	13	15	
84987970@N00-4203	20	6	10	
84987970@N00-4204	13	41	4	3	
84987970@N00-4205	13	56	9	5	
84987970@N00-4206	41	31	10	8	13	
84987970@N00-4209	49	36	10	3	8	4	28	41	21	51	
84987970@N00-4210	18	46	4	
84987970@N00-4211	22	5	24	3	9	6	11	
84987970@N00-4212	4	61	19	3	28	10	51	36	
84987970@N00-4213	56	49	67	
84987970@N00-4214	39	55	49	14	3	
8502118@N08-4216	3	2	9	
8502118@N08-4217	50	61	32	9	26	16	6	34	35	37	
8502118@N08-4219	39	22	20	46	51	56	36	17	29	
86292040@N00-4244	4	52	12	
86292040@N00-4245	4	2	52	12	
86589646@N00-4257	3	2	5	
86589646@N00-4261	2	7	21	5	41	3	27	8	17	30	44	
87109756@N02-4290	35	34	7	24	22	20	
87355829@N00-4314	35	19	2	
87355829@N00-4315	35	34	12	
87355829@N00-4316	28	34	35	4	
87356726@N00-4328	65	39	2	
87393953@N00-4368	32	2	7	31	
87393953@N00-4369	6	9	38	
8755651@N05-4372	48	10	8	6	
87584208@N00-4375	10	3	11	
87584208@N00-4376	58	36	47	15	
87584208@N00-4389	3	11	6	
87801055@N06-4396	59	13	26	11	
87801055@N06-4399	51	17	8	
89165847@N00-4431	7	2	6	
89165847@N00-4436	6	9	26	16	2	27	23	82	71	63	39	5	3	4	52	
89165847@N00-4440	4	54	14	72	
89743353@N00-4449	14	19	32	
89743353@N00-4450	14	4	41	10	
89864780@N00-4454	37	13	2	
90716728@N00-4468	40	24	5	
91151414@N00-4472	2	51	6	29	3	16	
91256982@N00-4621	50	45	14	
91748271@N00-4650	51	10	44	
91821745@N00-4682	2	7	6	
91872843@N00-4689	7	9	6	
92496717@N00-4698	45	6	37	
92496717@N00-4702	23	79	9	6	
92828317@N00-4710	34	5	29	44	
93003266@N04-4726	4	22	70	3	31	5	39	24	
93012314@N00-4742	60	33	9	3	
93384183@N00-4749	30	4	31	34	37	
93913731@N00-4783	53	11	26	
93987037@N00-4786	83	21	6	7	2	9	26	16	11	20	29	
94327650@N03-4790	44	10	17	
9433773@N08-4817	12	5	3	7	26	41	
9438227@N06-4828	5	2	7	35	17	
9438227@N06-4832	18	30	19	32	
94482242@N00-4842	31	28	51	49	
94482242@N00-4849	10	8	22	
94520611@N05-4852	7	6	9	53	42	5	
95464641@N00-4868	19	21	3	
96155869@N00-4885	21	35	19	14	54	
96256161@N00-4887	55	18	47	36	
9662258@N02-4890	70	11	16	42	22	23	2	7	21	
97064055@N00-4902	26	13	9	
97304820@N00-4906	4	7	2	24	
97304820@N00-4907	44	30	14	2	7	5	24	41	3	8	10	17	36	
97867688@N00-4915	29	4	17	11	14	72	28	2	81	
97867688@N00-4922	7	35	34	2	
97867688@N00-4929	14	21	72	
97867688@N00-4935	13	68	54	
97972855@N00-4980	7	6	2	9	10	17	
97972855@N00-4982	2	9	16	
97972855@N00-4983	20	46	18	14	21	5	
98999190@N00-5047	34	24	21	67	9	6	
99109486@N00-5049	32	40	11	
99395734@N08-5062	10	6	7	
99804259@N00-5064	39	16	37	33	
99804259@N00-5065	13	7	24	2	33	
99804259@N00-5066	65	18	49	
99804259@N00-5067	30	44	36	49	
99804259@N00-5070	85	10	4	
99804259@N00-5096	61	21	14	
99804259@N00-5101	4	45	61	
